4294967278,396
4294967278,395
4294967279,398
2,5
3,15
4,21
3,21
4,20
3,20
3,18
3,19
4,19
4,18
4,15
4,13
4,17
3,14
3,17
4,16
3,16
3,11
4,14
4,12
4,6
4,5
4,11
3,8
3,13
4294967278,394
139,8
139,7
139,6
4294967278,393
4294967294,1140
429,8
429,7
429,6
429,5
429,4
429,3
429,2
429,1
429,0
4294967294,1224
4294967294,84
4294967294,83
5,26
62,24
5,25
5,24
5,20
5,18
428,5
428,4
428,3
428,2
428,1
428,0
4294967279,397
427,5
427,4
427,3
427,2
427,1
427,0
4294967279,396
426,5
426,4
426,3
426,2
426,1
426,0
425,5
425,4
425,3
425,2
425,1
425,0
4294967279,395
424,5
424,4
424,3
424,2
424,1
424,0
423,6
423,5
423,4
423,3
423,2
423,1
423,0
422,5
422,4
422,3
422,2
422,1
422,0
4294967294,1297
4294967279,394
421,5
421,4
421,3
421,2
421,1
421,0
420,5
420,4
420,3
420,2
420,1
420,0
5,23
419,4
419,3
419,2
419,1
419,0
4294967294,1296
4294967294,1295
4294967294,1284
418,5
418,4
418,3
418,2
418,1
418,0
4294967294,1294
4294967278,392
417,6
417,5
417,4
417,3
417,2
417,1
417,0
4294967294,1197
4294967294,1223
416,6
416,5
416,4
416,3
416,2
416,1
416,0
415,6
415,5
415,4
415,3
415,2
415,1
415,0
414,5
414,4
414,3
414,2
414,1
414,0
4294967294,1293
413,5
413,4
413,3
413,2
413,1
413,0
4294967294,1212
412,6
412,5
412,4
412,3
412,2
412,1
412,0
4294967294,1139
411,6
411,5
411,4
411,3
411,2
411,1
411,0
410,6
410,5
410,4
410,3
410,2
410,1
410,0
4294967294,1292
409,6
409,5
409,4
409,3
409,2
409,1
409,0
408,6
408,5
408,4
408,3
408,2
408,1
408,0
5,22
4294967278,391
4294967294,1138
4294967294,1137
407,6
407,5
407,4
407,3
407,2
407,1
407,0
406,4
406,3
406,2
406,1
406,0
405,6
405,5
405,4
405,3
405,2
405,1
405,0
404,6
404,5
404,4
404,3
404,2
404,1
404,0
4294967294,1222
138,15
403,8
403,7
403,6
403,5
403,4
403,3
403,2
403,1
403,0
402,6
402,5
402,4
402,3
402,2
402,1
402,0
401,5
401,4
401,3
401,2
401,1
401,0
4294967294,1291
4294967294,1214
5,21
400,4
400,3
400,2
400,1
400,0
399,6
399,5
399,4
399,3
399,2
399,1
399,0
4294967294,1290
4294967294,1027
398,6
398,5
398,4
398,3
398,2
398,1
398,0
4294967294,1289
4294967294,1288
4294967294,1287
4294967294,1283
4294967294,1221
397,6
397,5
397,4
397,3
397,2
397,1
397,0
5,14
138,14
138,11
3,12
396,7
396,6
396,5
396,4
396,3
396,2
396,1
396,0
4294967294,1136
4294967294,1135
395,5
395,4
395,3
395,2
395,1
395,0
4294967294,1286
394,7
394,6
394,5
394,4
394,3
394,2
394,1
394,0
4294967294,1134
4294967294,1133
393,7
393,6
393,5
393,4
393,3
393,2
393,1
393,0
392,4
392,3
392,2
392,1
392,0
4294967294,973
4294967294,1132
4294967294,1285
391,4
391,3
391,2
391,1
391,0
4294967294,1207
4294967294,1220
4294967294,1131
390,8
390,7
390,6
390,5
390,4
390,3
390,2
390,1
390,0
4294967279,393
389,4
389,3
389,2
389,1
389,0
388,6
388,5
388,4
388,3
388,2
388,1
388,0
387,5
387,4
387,3
387,2
387,1
387,0
5,19
5,17
5,7
5,5
5,16
4294967279,392
386,4
386,3
386,2
386,1
386,0
385,4
385,3
385,2
385,1
385,0
384,4
384,3
384,2
384,1
384,0
383,4
383,3
383,2
383,1
383,0
382,4
382,3
382,2
382,1
382,0
381,4
381,3
381,2
381,1
381,0
380,4
380,3
380,2
380,1
380,0
379,4
379,3
379,2
379,1
379,0
378,4
378,3
378,2
378,1
378,0
377,4
377,3
377,2
377,1
377,0
376,4
376,3
376,2
376,1
376,0
375,7
375,6
375,5
375,4
375,3
375,2
375,1
375,0
374,6
374,5
374,4
374,3
374,2
374,1
374,0
4294967294,1130
373,6
373,5
373,4
373,3
373,2
373,1
373,0
4294967294,1129
372,5
372,4
372,3
372,2
372,1
372,0
4294967294,1219
62,37
4294967279,391
5,15
4294967278,390
371,6
371,5
371,4
371,3
371,2
371,1
371,0
370,5
370,4
370,3
370,2
370,1
370,0
369,8
369,7
369,6
369,5
369,4
369,3
369,2
369,1
369,0
368,5
368,4
368,3
368,2
368,1
368,0
367,5
367,4
367,3
367,2
367,1
367,0
4294967294,1128
4294967294,1127
366,5
366,4
366,3
366,2
366,1
366,0
365,7
365,6
365,5
365,4
365,3
365,2
365,1
365,0
4294967294,1213
4294967294,1126
364,5
364,4
364,3
364,2
364,1
364,0
4294967279,390
5,13
5,6
4294967279,389
4294967279,388
5,12
363,5
363,4
363,3
363,2
363,1
363,0
4294967278,389
4294967294,1282
4294967294,1218
4294967279,387
4294967278,388
4294967279,386
4294967279,385
4294967278,387
4294967278,386
4294967278,385
62,36
62,35
62,28
62,26
362,4
362,3
362,2
362,1
362,0
4294967278,384
5,11
4294967294,1281
361,8
361,7
361,6
361,5
361,4
361,3
361,2
361,1
361,0
360,5
360,4
360,3
360,2
360,1
360,0
4294967279,384
62,34
359,4
359,3
359,2
359,1
359,0
62,33
62,18
56,11
3,9
358,5
358,4
358,3
358,2
358,1
358,0
4294967294,1280
357,6
357,5
357,4
357,3
357,2
357,1
357,0
3,10
3,5
4294967294,1125
356,7
356,6
356,5
356,4
356,3
356,2
356,1
356,0
355,5
355,4
355,3
355,2
355,1
355,0
62,32
62,13
354,9
354,8
354,7
354,6
354,5
354,4
354,3
354,2
354,1
354,0
4294967294,1217
353,6
353,5
353,4
353,3
353,2
353,1
353,0
352,5
352,4
352,3
352,2
352,1
352,0
4294967294,1216
351,6
351,5
351,4
351,3
351,2
351,1
351,0
4294967294,1124
350,7
350,6
350,5
350,4
350,3
350,2
350,1
350,0
349,5
349,4
349,3
349,2
349,1
349,0
348,5
348,4
348,3
348,2
348,1
348,0
347,6
347,5
347,4
347,3
347,2
347,1
347,0
346,5
346,4
346,3
346,2
346,1
346,0
4294967294,511
345,6
345,5
345,4
345,3
345,2
345,1
345,0
4294967294,1215
4294967294,1201
344,6
344,5
344,4
344,3
344,2
344,1
344,0
5,10
343,7
343,6
343,5
343,4
343,3
343,2
343,1
343,0
3,7
3,6
342,9
342,8
342,7
342,6
342,5
342,4
342,3
342,2
342,1
342,0
4294967294,1198
62,31
62,29
56,10
56,9
56,5
341,7
341,6
341,5
341,4
341,3
341,2
341,1
341,0
4294967279,383
4294967294,1123
340,6
340,5
340,4
340,3
340,2
340,1
340,0
4294967294,1190
339,7
339,6
339,5
339,4
339,3
339,2
339,1
339,0
4294967294,1211
338,7
338,6
338,5
338,4
338,3
338,2
338,1
338,0
4294967294,1210
4294967294,1184
4294967294,510
337,5
337,4
337,3
337,2
337,1
337,0
4294967294,1209
5,9
5,8
62,30
336,4
336,3
336,2
336,1
336,0
4294967294,1208
4294967294,1196
335,6
335,5
335,4
335,3
335,2
335,1
335,0
4294967294,972
334,5
334,4
334,3
334,2
334,1
334,0
333,5
333,4
333,3
333,2
333,1
333,0
332,6
332,5
332,4
332,3
332,2
332,1
332,0
331,6
331,5
331,4
331,3
331,2
331,1
331,0
4294967294,509
330,5
330,4
330,3
330,2
330,1
330,0
4294967294,1206
4294967294,1205
329,5
329,4
329,3
329,2
329,1
329,0
138,13
4294967294,93
328,6
328,5
328,4
328,3
328,2
328,1
328,0
4294967294,1122
327,7
327,6
327,5
327,4
327,3
327,2
327,1
327,0
326,4
326,3
326,2
326,1
326,0
325,5
325,4
325,3
325,2
325,1
325,0
4294967294,1121
324,6
324,5
324,4
324,3
324,2
324,1
324,0
4294967294,1204
4294967294,508
4294967294,1120
323,7
323,6
323,5
323,4
323,3
323,2
323,1
323,0
4294967294,1119
322,6
322,5
322,4
322,3
322,2
322,1
322,0
4294967278,383
4294967294,1118
321,7
321,6
321,5
321,4
321,3
321,2
321,1
321,0
320,6
320,5
320,4
320,3
320,2
320,1
320,0
319,7
319,6
319,5
319,4
319,3
319,2
319,1
319,0
318,6
318,5
318,4
318,3
318,2
318,1
318,0
317,8
317,7
317,6
317,5
317,4
317,3
317,2
317,1
317,0
316,5
316,4
316,3
316,2
316,1
316,0
315,5
315,4
315,3
315,2
315,1
315,0
4294967294,507
314,5
314,4
314,3
314,2
314,1
314,0
313,6
313,5
313,4
313,3
313,2
313,1
313,0
4294967294,1203
4294967294,506
312,5
312,4
312,3
312,2
312,1
312,0
311,6
311,5
311,4
311,3
311,2
311,1
311,0
4294967279,382
310,5
310,4
310,3
310,2
310,1
310,0
309,6
309,5
309,4
309,3
309,2
309,1
309,0
4294967294,1117
308,9
308,8
308,7
308,6
308,5
308,4
308,3
308,2
308,1
308,0
4294967294,1202
4294967294,1194
307,7
307,6
307,5
307,4
307,3
307,2
307,1
307,0
306,5
306,4
306,3
306,2
306,1
306,0
305,6
305,5
305,4
305,3
305,2
305,1
305,0
304,8
304,7
304,6
304,5
304,4
304,3
304,2
304,1
304,0
4294967279,381
303,5
303,4
303,3
303,2
303,1
303,0
4294967294,1200
4294967294,1199
4294967294,1182
4294967294,505
4294967294,1168
4294967279,380
302,5
302,4
302,3
302,2
302,1
302,0
4294967279,379
4294967278,382
301,6
301,5
301,4
301,3
301,2
301,1
301,0
4294967294,504
300,5
300,4
300,3
300,2
300,1
300,0
4294967294,1116
299,8
299,7
299,6
299,5
299,4
299,3
299,2
299,1
299,0
298,5
298,4
298,3
298,2
298,1
298,0
297,7
297,6
297,5
297,4
297,3
297,2
297,1
297,0
296,5
296,4
296,3
296,2
296,1
296,0
295,5
295,4
295,3
295,2
295,1
295,0
294,7
294,6
294,5
294,4
294,3
294,2
294,1
294,0
4294967278,381
4294967294,1163
4294967294,503
293,7
293,6
293,5
293,4
293,3
293,2
293,1
293,0
4294967294,1195
292,6
292,5
292,4
292,3
292,2
292,1
292,0
4294967279,378
291,6
291,5
291,4
291,3
291,2
291,1
291,0
4294967294,1188
290,8
290,7
290,6
290,5
290,4
290,3
290,2
290,1
290,0
4294967294,1193
4294967294,1176
4294967294,1115
289,6
